104
5762
19019
33023
35996
38927
54182
60873
78401
78562
95731
176284
202169
209720
211528
300221
345672
390377
570663
576367
646221
671241
810274
976348
988771
1035426
1044505
1218161
1223174
1392332
1423882
1544396
1742076
1765575
1910281
1946010
2140385
2245116
2469236
2520714
2536007
2569882
2960103
2992942
3323835
4005951
4228671
4842937
4884199
4927417
5058369
5099121
5295824
5681023
5704052
5766223
5767790
5812729
5897481
7113347
7192720
7327022
7647345
8151982
8187004
8322178
8450806
8450855
8495143
9127910
9218618
9629446
9720657
9863804
10838246
11319666
11624371
11649858
11691161
11843764
11937087
13217213
13441023
13478850
14113343
14421076
14648019
15201990
15422284
15755921
15791136
15923851
16019573
16157670
16159533
16161044
16995839
17011885
17481562
17720961
17769636
18653728
18756272
18853955
19076426
19601207
20120624
20521020
20941355
21800437
22282012
22351685
23417912
24402100
24501665
25514931
26055061
26276504
26302109
26576362
26895722
28160324
28338634
28613418
29490217
29517487
29716743
30240727
30439844
30674057
30886420
31287182
31639393
31787563
32102260
32145264
32526356
33681845
34779993
35051247
35401355
36059004
36708090
37213130
37232945
37359244
37402567
38278849
38295840
39049612
39548656
41029478
41694932
41772627
41822560
41879574
43066726
43422430
43749341
44402883
44775646
45476729
45660788
46031086
46206862
46212549
47499682
47588919
48021217
49705546
50372653
51823414
51857270
52040809
52735730
53648185
53749693
53862532
54306319
54541305
54849389
55015516
55132473
55903804
56325124
56594120
56871413
57481846
57888967
58826757
59934425
59946628
60044443
60074392
60975583
61298440
62030193
62296968
62996843
63284807
65647085
67595870
67679152
68076643
68330375
68415071
68695858
69321039
69780881
69795342
70335876
70473070
70595985
70597565
70972967
71157433
72313344
72507998
73156853
73289040
73520529
73628714
73827402
74803924
75209763
75272577
75278114
75428399
75496604
75595233
76312881
76327397
76645339
76674655
76799259
77772167
77998052
78033181
78266641
78590637
78707460
79337263
79598343
80349574
80583978
81226226
81447489
81648046
81677242
82395220
82966121
83118502
83700406
83716331
84615606
84926230
85450797
85923458
86044274
86113143
86115699
86147530
87113966
87138636
87166875
87286232
88002264
88080852
88179343
88226215
88315524
88495968
88825643
88892980
90119811
90239852
90386805
90830614
90869363
91647252
92275172
92330776
92564802
93209648
93483335
93504569
93738053
94382357
94530511
94598192
94851070
94930385
94947164
96153962
96301076
96399990
96498425
97069165
97932717
97975378
98094454
98228254
98322781
98686382
99246200
99287233
99671653
99794395
99803416
99832711
99995274
100591174
101327087
101371042
101717664
101722317
101841879
101970710
102114151
102174628
102233794
102289864
102422955
103134404
103499223
103951119
103995402
104016638
104300446
104801121
105024342
105051267
105572371
105585429
105760392
105922429
106825087
107061664
108095563
108572715
109381785
109761526
110078648
110241392
110456173
110599323
110665195
110686988
110876896
111615230
111896645
112136843
112198962
112558420
113822633
114065456
114398487
114460461
114991349
115982841
116003598
116747274
117165029
117380446
117684266
117760721
117820496
117993344
118337210
118379783
118523144
118789775
119230949
119440945
119602729
119739401
119969627
120188750
120771905
120787177
121065698
121101856
121751618
121866624
121907083
121949701
121956375
122084051
122948906
123375902
123648249
123935356
124314263
124483844
124671859
125448384
126072354
126381901
126576412
126876468
126978013
127043972
127758314
127772055
128835538
129114213
129637026
129743319
129792028
130064475
130404169
130707906
131370813
131378032
131444727
131521646
131531616
131868813
131932393
132569136
132651450
132682105
132870148
133442144
134037308
134343247
134420756
134490309
134656074
134657928
134879602
135483389
135710593
135732695
136904668
136936451
136938062
136957955
137403904
137414682
137610427
138168871
138458855
138590863
138741945
138824506
138866119
138965469
139096255
139161590
139860788
140161597
140302908
140462276
140660929
140919384
141334219
141349113
141559907
141585313
141607504
141614866
141655757
142065414
142387268
142992760
143594855
143952825
143997294
144388394
144833349
145145073
145145481
145372294
145513143
145528339
145578477
146625674
146665902
146799273
148012777
148109162
148973945
149392267
149449421
149508544
150390568
150439405
151008542
151155447
151410295
151720788
151744518
151979314
152127620
152161332
152342267
152573671
152702397
153028313
153048756
153171259
153995333
153998310
154177651
154647911
154667348
154753501
155035058
155331408
155457636
155754593
155794122
155961579
156179238
156515160
156531982
156539111
156646949
156790757
157370294
157408794
157411678
157725131
157733781
157885541
158430271
158520099
158713085
158874786
158981438
159202135
159331347
159489174
159611857
160185352
160214094
160353774
160575378
160719496
160719806
160799663
161007055
161566467
162005752
162103529
162377061
162771349
162791591
162863226
162966321
163116383
163178685
163237306
163257866
163277533
163284036
163333334
163357199
163560430
163613362
163702962
164204105
164278049
164363882
164589603
164713957
165655725
165734822
166080180
166437995
166468287
166477513
166559250
166806858
167282546
167545546
168099887
168134933
168278930
168485278
168829926
168914443
168944581
169010237
169051102
169153967
169176622
169210268
169479094
169491878
169630954
169632013
169746040
169852982
170703170
170750362
170956055
171015020
171122268
171201474
171495806
171541434
171604491
171663418
171810760
172152481
172278831
172330351
172469860
172533466
172933499
173017377
173053657
173180480
173437057
173654528
173692067
173815875
174298429
174845228
174952711
175167857
175917792
175994864
176088257
176332570
176493490
176620481
177029205
177152827
177450908
177585749
177873594
178063141
178116962
178180471
178285768
178657529
178790079
178864201
178971178
179151398
179286137
179391807
179513900
179597113
179724036
180133669
180142639
180515020
180681201
181349893
181593443
181945754
182582733
182697882
182802687
182805484
183345689
183506815
183643617
183819333
183836904
183872457
183988837
184084692
184273246
184466995
184817846
184990868
184996649
185041593
185110660
185123015
185715620
186101160
186203644
186240800
186598017
186668926
186751760
186957978
187115826
187166861
187176177
187320708
187378184
187471230
187502031
187734540
188011767
189100012
189560677
190263106
190321968
190650379
190830497
190902932
191130094
191456089
191645612
192105556
192218544
192233017
192375657
192630379
192688269
193019378
193442458
193627409
193768332
193874196
194357335
194511010
194571545
194699115
194767706
194809608
194834920
194870607
194882979
194969246
195092376
195113142
195268372
195509071
195598308
195937074
196002435
196269691
196356352
196520573
196523548
196567857
197058072
197648979
197685291
197964261
198136479
198146320
198164990
198325819
198551285
198692979
199193307
199316288
199422446
199939524
200418087
200612562
200753943
201207060
201387596
201685144
201798539
201863496
201911704
202674365
202819782
202839189
203142493
203193004
203330003
203374676
203430756
203431744
203951478
204042100
204408488
204598569
204699258
204938418
205073749
205242464
205492571
205907197
206529461
206825064
207076513
207372063
207450705
207996935
208077766
208143506
208282920
208567864
208710854
208989103
209056511
209318868
209403826
209407689
209481416
209631908
209967757
210219487
210371562
210690108
210978783
211003039
211150004
211248019
211471481
211630762
211752673
211991673
212186982
212496756
212560351
212720373
212850428
212862056
212992733
213175601
213421069
213706705
213796846
213908853
214132900
214322449
214668770
214691149
214864348
214934989
215509489
216110680
216430950
216859549
217121248
217191216
217227653
217330778
217483284
218113309
219055395
219107874
219181789
219360277
219583392
219634638
219898752
220027828
220263254
220540147
220920210
220953010
221090353
221118027
221491239
221837346
221899709
222042366
222092593
222131932
222159232
222558770
222647708
223090704
223115929
223126998
223390938
223451030
223554179
224052946
224257419
224465302
224649842
225043233
225099859
225099902
225422972
225814726
225821701
225924064
225939042
225986583
226006549
226212874
226371492
226615480
226625763
226640667
226844227
226881597
226919018
227190876
227329930
227582849
227892864
227941715
228051409
228118340
228498854
228988266
229617441
230201613
230219512
230317745
230724521
231027727
231105572
232287213
232721415
232730294
232780888
233125920
233142842
233154025
233263457
233285379
233420861
233509468
233619975
234060357
234522701
234524394
234675372
234746828
234875808
235654576
235927468
235974110
235979917
236063072
236466976
236491262
236837905
236993501
237085475
237470607
237475416
237572303
237817578
238541658
238753669
239249343
239420432
239623825
239800136
240013906
240090883
240135812
240615742
240852982
240962278
241951723
242079981
243234691
243269749
243694430
243765044
244300619
244320860
244652958
244833392
244894384
244904288
244999129
245036765
245145236
245553513
245613837
245905213
246464012
246528060
246541056
246874284
247178434
247297077
247415926
247470608
247567157
247731819
247868221
247921680
247935511
248094563
248262116
248498221
248911517
249143613
249398012
249650502
249987306
250269785
250734684
251077024
251322521
251665933
251909965
252334939
252802250
253112097
253229082
253403626
253418178
253586465
253891890
254196679
254856329
255141172
255455346
255817595
255925733
255944889
256208618
256391569
256795321
256927474
257111465
257325303
257504192
257552996
257630043
257722005
257822336
258379838
258525647
258703826
258870700
259173605
259292870
259736106
259773444
259936028
259983275
260081988
260083228
260825418
261500771
262210097
262630301
262828989
263547216
263614697
263889471
264318548
264369055
264383770
264516055
264603314
264628964
264654283
264892062
265035710
265332822
265365090
265602614
266057973
266108653
266256389
266605508
267003089
267017487
267433727
267570786
267657250
268059217
268306303
268456454
268461137
268543839
268579632
268640905
268723112
268819084
269223276
269485881
269500516
269539471
270057469
270426868
270752854
270950424
271163735
271225278
271240177
271322857
271512599
271699014
271865239
271889165
272005440
272276932
272428451
272692871
273277122
273524060
273654561
273833333
274015558
274111211
274313008
274728583
274747913
275141293
275274263
275290474
275348971
275650742
275701717
275865551
276269871
276587149
276757470
277301076
277949209
277987887
278277122
278296490
278409258
278464920
278544683
278685677
278752055
278974259
278995605
279494859
279772189
280205449
280229039
280624288
280682615
280814540
281134052
281266600
281644762
281769866
281817050
281973396
282304813
282709914
282720843
283200766
283261574
283368930
283543117
283575121
283687256
283713864
283847140
283962791
284085355
284182367
284568555
285003408
285010520
285104253
285211506
285333794
285375785
285436318
285467435
285557012
285609830
285664702
285861552
286086291
286152454
286276412
286464908
286544213
286544394
286720785
286802210
286845793
287205102
287506647
287552394
287831415
287873328
287899078
287930956
288524842
288674531
288925454
289060008
289497731
289635008
289688013
289764430
290403200
291215058
291226538
291248269
291932375
291993877
292614792
293109614
294101932
294167044
294253073
294629984
294653475
295289095
295294298
295546100
295955982
295969511
296122236
296127467
296133295
296483846
296784686
297328870
297444342
297561066
297901679
298002357
298277280
298848151
298999829
299062674
299399253
299978886
300303378
300497479
300991169
301171981
301738817
301984415
302332502
302443404
302775818
302778221
303036744
303038193
303157300
303629419
303698280
303808263
303846134
303974464
304392767
304773430
304975486
305008810
305014732
305577426
305639942
305683060
305696827
305760994
305826019
306110045
306415081
306493089
306684562
307197606
307961099
308171722
308477640
309006056
309295397
309355922
309503510
309884356
310073738
310233194
310546162
310861370
311111373
311128816
311464322
311582529
311928668
312095845
312522757
312555936
313118830
313160011
313501685
313643140
314896498
315040863
315764984
315937006
316288811
316318505
316621085
316635156
316701088
316776007
316848501
316969799
317153733
317403130
317731896
317955448
318033674
319082560
319109225
319240334
319321624
319555835
319641443
319686369
319912446
319986644
320015353
320105546
320136135
320234843
320264312
320495103
320574978
321066526
321137997
321451271
321564895
321770021
321856921
322073205
322230916
322424048
322441806
322861080
323001491
323171967
323636934
323790154
324266999
324333427
324575224
324619964
324668368
325017939
325101331
325237051
325317804
325635828
325693965
326737849
326749117
326787649
326829072
327309039
327365901
327414120
327644435
327905811
327967546
327987362
328137867
328221287
328249370
328417441
328529076
329006572
329124247
329520546
329692396
329711401
329740594
329979436
330016931
330037441
330063192
330080532
330135683
330150875
330209425
330497490
330973193
331022482
331212017
331531300
331678099
331768001
331779901
331957430
332081651
332462449
332472384
332608020
332793706
332913489
333011590
333032770
333188858
333849810
333937225
334000843
334001253
334019379
334664089
334889913
335007073
335056377
335132109
335156556
335579201
335676435
335869715
335929250
336194635
336417235
336902232
337007223
337702245
337871991
337924471
338095337
338204588
338581718
338920621
339126454
339296655
339491295
339605912
339654620
339725706
339760364
339885853
341713744
341767761
341816574
342310340
342574166
342632127
342849253
342880496
342906842
343095367
343246747
343550809
343638782
343766495
344450491
344799116
344870205
345252364
345316005
345374938
345525113
345535638
345766229
345948626
346469360
346622671
347148292
347571992
348486464
348536419
348847907
349076038
349708316
350011208
350527804
350815865
351570111
351833899
352418660
352571270
352769786
352953850
353166536
353706564
353720296
353850376
354662596
354720686
354919853
355009694
355021873
355152615
355275163
355383750
355470084
355645015
356376533
356644002
356745003
356821537
356862414
357144559
357259459
357282403
357526394
358108157
358357506
358667281
358782280
359005439
359244357
359323736
359462843
359743227
359926879
359962842
360182409
360387695
361230261
361812307
362112654
362188771
362248502
362337330
362362001
362521321
362585403
362624497
362790636
362863692
363083511
363402579
363434259
363480498
363704360
363959665
364565098
364885658
364911824
364936110
364984777
365234772
366133903
366292119
366467138
367076472
367181446
367218250
367241118
367262761
367304297
367310533
367597773
367957880
367976355
367979323
368237002
368417155
368428711
369807471
369825221
370186466
370300982
370305135
370309682
370532506
370912299
370943632
371274205
371285835
371924670
372082646
372337986
372747685
372857454
372939173
373136173
373680972
373752509
373833770
373851021
374173167
374212289
374312506
374547046
374711280
374796319
374887925
375486062
375697905
375720306
375899226
376269994
377411666
378090111
379074338
379116202
379119798
379427102
379438945
379727612
379810906
380096136
380332400
380408082
380432115
380815706
380843715
380925178
380997351
381015647
381081301
381092450
381149362
381581934
382164297
382351445
382406010
382736810
382737543
383019532
383418930
383446129
383636779
383722943
383852678
383896704
384171618
384244819
384645842
385083345
385379539
385677524
385833797
386186645
386409319
386607634
386641605
386983597
387010803
387172378
387277377
387553642
387739486
387764426
387999660
388215296
388431364
388638123
388779434
388791076
389035319
389271627
389566111
390088632
390132664
390670834
390961436
391191891
391356782
391617271
392011852
392079318
392684359
393242026
393714677
393966740
394530828
395482460
395617942
395894534
395915297
395973305
396020997
396089202
396094663
396586333
396587790
396651772
397534032
397644501
398024020
398260028
398535449
398666756
398813273
399007863
399019923
399052410
399460412
400267423
400305422
400355584
400509224
400980904
401069959
401130703
401540323
401727465
402167704
402533335
403705992
403850937
404056130
404198824
404319711
405402856
405433786
405680720
405869205
405873287
406201026
406201586
406789023
406956408
406977459
407120693
407652650
407979988
408459571
408486948
408518810
408714766
408880426
408881451
408931975
409221167
409906920
410817080
410866260
411528582
411795685
411859495
411873485
412205713
412307984
412874293
412998407
413492675
413926474
413971343
413989677
414605182
414834993
414880056
414885775
415082781
415103671
415166246
415328540
415767404
415814156
416069028
416127932
416238610
416281512
416332865
416556975
416869877
417513162
417649220
417720999
417794299
417863666
417975074
418299379
418327276
418731120
419044128
419343426
419352532
419401722
419451828
419479214
419531913
419618074
419816647
419835093
419887114
420027984
420142509
420190043
420895653
420927851
421520885
421528104
421652590
421946902
421968437
422065481
422471267
422585366
422696769
422998956
423360791
423388283
423457303
423516618
423694366
424180583
424500308
424720123
424895169
424895892
425197635
425208063
425570088
426271976
426716813
426989181
427125338
427249295
427537021
427583322
428526443
428989864
429664511
429893987
430054632
430067350
430138723
430862228
430916559
431550369
431638104
431672332
431676491
431829630
432597504
432608569
432941103
433184052
434067123
434100015
434449333
435105197
435176333
435463262
435649466
436783795
437122017
437369960
437590463
437656057
437932829
437972457
438701157
439167778
439171454
439321320
440441397
440746556
441015808
441193110
441709936
441854780
441955892
442132605
442359709
442491150
442869885
442941056
443151838
443435379
443655494
444348145
444475803
444814603
445022012
445146578
446017429
446064887
446359381
446405712
446450028
446526584
446744075
446791310
446960187
448169405
448243631
449107758
449361100
449502199
450144560
450770584
451076444
451198867
451600718
451859036
451942932
452078385
452113626
452196158
452259867
452542026
452543792
453813990
454919687
455529683
456004515
456058081
456158127
456490397
456694336
456697382
456775368
457021745
457242616
457552510
457762314
457907183
458865943
459300525
459468932
459889278
460005441
460136176
460493321
460801036
460803645
460811278
461010882
461141831
461341771
461470545
461895263
461906515
462123152
462410727
462960574
464050371
464200838
464294493
464506800
464555478
464675512
465323620
465734597
465888396
466352750
466808999
467661980
467846575
469524767
469604399
469684136
469854988
470122151
470157433
470186560
470618152
470887632
471127118
471139680
471857014
472100590
472188761
472691033
472792935
472991010
473580735
473760190
474233439
474648135
474690023
474749572
475451357
476453550
476621727
476814630
476818697
476849350
477407144
477447382
477773076
478808952
478939591
479299822
479732343
479746897
479968428
480011802
480033181
480043810
480504964
480577332
480577471
480743868
481383686
481786503
482079768
482555555
482592764
482774712
483308578
483338018
484261525
484331395
484333554
484463316
484692631
484810206
484971139
485073154
485345613
485657629
485667422
485669139
485848897
485866422
486164189
486173184
486229529
486883770
486915538
487175591
487842827
488135794
489091987
489292327
489375306
489979945
490843309
491140569
491528825
491765063
491849537
492054034
492260598
492349162
492910556
493007489
493215150
493410844
493765980
494123575
494248795
494585146
495435172
495975673
496550800
496629952
496661698
497024828
497243185
497245310
497260029
497582094
498084378
498109994
498428705
498696744
498801405
499198019
499198764
499233456
499676346
499987043
500019155
500058045
501971909
502120690
502233220
502489628
502880447
503355783
504448090
504576214
504947437
505460877
505605585
505828421
506054184
506524284
506680391
506752476
506767464
506806901
506837377
507254681
507310704
507555056
507915980
508233137
508537174
508629893
508698555
508854870
509693815
510137562
511694576
511839354
511887079
511954860
512355355
512395484
512722496
512900689
513516838
513630585
513884393
514099172
514995919
515186931
515477681
515569611
515912906
516714107
516802161
517114243
517407859
517769697
518014219
518184615
518443507
518719785
518811132
519079854
519382229
519775238
519979327
520241580
520640561
520727356
521017228
521312350
521506736
521766725
522429817
522603851
523602432
524184373
524257317
525522331
525856766
525945319
526130780
527190556
527357125
527460747
527541941
527725313
527915550
528225079
528640897
528881806
529565752
529632172
529650120
530098272
530175077
530244990
531011090
531855672
532012041
532160363
532626622
532661707
533637738
533723416
533978374
534113771
534302532
534634911
534753028
534853403
535059273
535475743
535832188
535880280
535901689
536134902
536594061
536887053
536985815
537689528
537872493
537941039
538160639
538200109
538318096
538523553
539154422
539643560
539805838
540076794
540080233
540446314
540558080
540594499
540715625
540985509
541502033
542195719
542364550
542848532
542974531
542982641
543552132
545218446
546762749
549074520
549117834
549486822
549846051
549849494
550047355
550615654
550713311
551068283
551139784
551154711
551157200
552114371
553035255
553035635
553186829
554503825
554901758
555027967
555705292
555922947
556949895
557173386
558070141
558264061
559097495
559174789
560151687
561782084
561850500
561903209
563023321
563608928
564314457
564928875
565175150
565591080
566297729
566320200
566543667
566723438
567419446
567602690
568030278
568171590
568288654
568598932
569065292
569114865
569448140
569693642
569778223
570055978
570271443
570325067
570388340
570626192
570704009
570851490
571190023
571490120
571870963
571874229
572005271
573317235
573488152
573531896
573553032
573710268
573808053
573906907
574134798
574182882
574683043
575189521
575791760
575974375
577320665
577671263
577747236
577851328
577978472
578380347
578409463
578530255
579335983
579695993
579719644
580841129
580922691
581103614
581183784
581660610
581676574
582172070
582399970
582915282
583084973
583228209
583387202
583392305
583710733
583757851
583809565
583853718
584116796
584141612
584238736
584758167
584979616
585990938
586042795
586072928
586353139
586498591
586509566
586798708
586830010
586926675
587383144
588041933
588060022
588164408
588257763
588735943
589649035
589686339
589701176
589783010
589857343
590029506
591617951
591717359
593037029
593278432
593434639
593778310
594075422
594260134
594404585
594547681
595091585
595141297
595181257
595193591
596224879
596258702
596527150
598386886
598409071
598442709
598464074
598778315
598884821
599978263
600055608
600975757
601781964
601789050
601792574
601857904
602048045
602132643
602304887
602440038
603273587
604391826
604475863
604729245
605223633
605778817
606213503
606444607
606471800
606543260
606584548
606878940
609248196
609255361
609917626
610244411
610325142
610442822
611551683
612059642
612446346
612656931
613012257
613628247
613821675
614718931
614730981
615115801
615205603
615227483
615477208
615604774
615709481
615839249
615849130
617112967
618047754
618846619
619117964
619129948
619193936
619340059
619795977
620682718
622005839
622398309
622599594
622656807
622886951
623155397
623803175
624137832
624386727
624422314
624474035
624710843
624923911
624977004
625606439
626444426
626684862
626718309
627213394
627321875
627608652
627612208
627866845
627949462
627950434
628179732
628292954
628330205
628443985
631099380
631644339
632243454
632897071
632960659
633314894
634132433
635931177
636009781
636418811
636442622
636810228
636910429
636922995
637937231
637996042
638706306
639172206
639479414
639548317
639618644
640078570
641060304
641224600
641381930
641746856
641793406
641871155
641898831
642164598
642257482
642693369
642742394
642988044
643059133
643368632
643853861
643913851
644820044
645747934
645931397
646083574
646215313
646245369
646472913
646490062
646995121
647278644
647458063
648321344
648371670
649159393
650232953
650376762
650466029
650963485
651973624
652110540
652204903
652713969
652737605
653199824
653449361
653523291
653906178
654062017
654392669
654720993
654958558
655024478
655295872
655308928
656054627
656449216
656794890
657416641
657820609
659104583
659149881
660249315
660251104
660445109
660965865
661049494
661077175
661119857
661914492
661949152
662046258
662672047
662691503
662826639
663937676
664097775
664332952
664540421
665602278
666327722
666470996
666472081
666975841
667247023
667504025
667972538
668235032
668595893
669430519
669582637
669676824
669814722
669873422
670482120
670625443
670626336
670669767
671012572
672067006
673114664
673138573
673186446
673587203
673787226
673788547
674007308
674698741
676157354
676276320
676907177
677476716
678186804
678424334
679509586
679635221
679720344
680398434
680557531
680688728
681462096
681814514
682037403
682176447
682309738
682893443
683060694
683640478
683665296
683985537
684191677
684226799
686906222
687086131
687220776
689060019
689899400
690391569
690602630
690772811
690850181
691133134
691501694
691732139
691751202
691859812
692053044
692116610
692271867
692419801
692919140
693801198
695302599
695364180
696129129
696173293
696533727
696749065
696923948
697574344
698542696
699092431
699294026
699396919
699436081
699821870
700171624
700246747
700571767
700922651
702382356
702996051
704328337
704450330
704507686
704511722
704979548
705624411
705774593
705852662
706066875
706277349
706948273
706983121
707134639
707326936
707829335
708178434
708553747
709063083
710564326
710731070
710967391
710996917
711154750
711501951
712007731
712032162
712287894
712801830
712918319
713165036
713572794
713792669
714694018
714774268
715106754
715272903
715558579
715817282
716020908
717017442
717047487
717792151
718866250
719478436
719561008
720149285
720695583
720843914
720960331
721157980
721296338
721571193
721795035
721947147
722102224
722738016
722742317
722758520
723396161
723762225
724729297
725399447
726586255
726733353
726734501
727234948
727845920
728723036
729139236
729417814
730517496
730793701
731185840
731278522
731641727
731996674
731998973
732025723
732615327
732669588
733697773
733812491
734099018
734828207
734838891
734849047
736324549
737449735
738132482
738852491
738918336
738957666
739719196
739823619
739907351
739927814
740179960
740395271
740404369
740738795
740943153
740990346
741329286
741817903
742124529
742550986
744226119
744959654
745146301
745193143
745204757
746192547
747190064
747567814
748027019
748302614
748458296
748580194
749990242
750132322
750138399
750928703
751500406
751731643
751752608
752911444
753824876
753938501
754290600
754300213
755366078
755861231
756119511
756313348
757295205
758485321
758598674
759203213
759378912
759432527
759646511
759923916
760202601
760233194
760376464
761112405
762650291
764264914
764612523
766225783
766471415
766931318
767608573
768295387
768488121
768942684
769150204
769368555
769583232
769818593
770227026
770521582
770536756
770646329
770681213
771282548
771415477
772228530
772290731
772687046
773173246
773948378
775387371
775418578
775970939
777025823
777903210
777946846
780670471
780816476
780915832
781599353
781662614
781838082
782484948
782524960
782894732
783158950
783569396
784122616
784244331
784363498
784810720
784898604
785020984
785521315
786048862
787329156
788133906
788256644
788381777
788414516
789221689
789965740
790518309
791164195
791552238
791691326
792447324
792844185
793151854
793850545
794183255
794599702
796384964
796702890
797384814
799563387
800337451
800883448
801378626
801654619
802043042
803204383
805778793
806144778
806564862
806847936
807871294
808074568
808335134
808514799
808553789
810120111
810564278
812046282
812098959
812465536
812923336
812931523
813063350
813413729
814173893
814714840
814874504
814913581
815222757
815783651
816597053
816733853
817014421
817910131
818401603
819496913
819615038
819854779
820838207
821373129
822262560
823176493
823919149
824076856
824529525
825084194
825548170
825756341
825765697
826200037
826266983
826304818
827186449
827214634
828184507
828420636
828729936
829033367
829735737
829944238
830408176
830726320
832147410
832178589
832345229
832547203
832617480
832642965
832888797
832923506
833498588
833543853
833587397
833706600
833757416
834738078
836554764
836559146
836726548
837935996
838812463
839645160
839719820
840774971
840943160
841970602
842456570
842518313
842786146
843049443
843479013
843791322
844314762
845362774
845461715
845484860
846575557
846880032
847000066
847272455
847457993
848741502
849318847
849711584
850013600
850904807
851239640
851920730
852598194
853479601
854253790
854681035
855186235
855583517
855586821
856550214
857635138
857676252
858003794
859349327
860120155
860228668
860948223
861117550
861243917
861395641
861822706
863237772
864209696
864684073
865349806
865598773
866693663
866977270
867138250
868293223
868712408
868885621
869112134
869887315
870054856
870144418
870689684
872270969
874349723
874360871
874595241
874654593
875552547
877836992
877944326
878050527
879482830
879761961
880079638
880329673
880417773
881257213
881348292
881409470
881687421
881845295
882128405
884094467
885570475
886137372
886392336
886518323
887274989
888536968
889299196
889627707
890561502
890652168
890706406
890778477
891240875
891466422
892851485
893020476
893233383
893446478
893753742
894212680
895058004
895335333
895405627
896333200
896392225
896984975
897478436
898124843
899019142
899101095
899762706
900537487
900604912
900686393
901389119
901771751
901920383
902059494
902286292
902554028
902914054
904108618
904649961
905720295
906652403
907015830
907033453
907056629
907258413
907520056
907670035
909114954
909218676
911015857
911470939
912268143
913225360
914038062
914368445
914759543
914778500
915962005
916290691
917662012
917939719
918306883
919134164
919714002
920489343
921547284
922869912
922908258
922953895
923168823
924001794
924799394
924826797
925355645
925653784
925757116
926628441
927292628
927759510
929538954
930705391
931325809
931453015
931551419
931686127
932167257
933890657
934712217
935774084
935830797
936439542
936934920
937583532
937658342
937936395
939065906
939431860
940261001
941854575
942100945
942301378
942456439
942586747
942617224
943455184
943681271
943780287
944336281
944738785
946894037
948204426
948317604
948783496
950648318
951587451
952770553
952931068
952947798
952981146
953079130
954150062
954340886
955020408
956762923
957034812
957186166
958423334
958606032
958617572
959390872
959644155
960055653
960919141
961778622
961907038
962086959
962251497
962511832
964119097
964561292
964577799
964614318
964892651
965331225
966576795
968423885
969191467
969444052
970833804
970933032
971032557
971042685
971476136
972190509
973033874
973916684
974347475
974760973
974883530
974986534
976009347
977298913
978564839
978632156
979253216
979452104
981060113
981521248
981587721
982604064
982610929
982612607
983117420
983481965
983497875
984208820
984327482
984392027
984524236
984868954
985349030
986556072
987128504
987583534
987845759
988145194
988981557
989116398
989980514
990532844
991287209
993479666
993494574
994951208
995433510
995971979
996103698
996179284
997275976
997814733
997850641
998136675
998249399
1001311826
1001743633
1003285904
1003412905
1004507932
1004543557
1005697213
1006115661
1006289904
1007600016
1008016358
1008183041
1008386039
1009277828
1009593892
1009811795
1010799245
1011360627
1012426324
1013556068
1013727236
1015664280
1016431682
1016712470
1016857410
1017738512
1018799464
1019373717
1019542163
1020970738
1021530668
1021824230
1022306876
1023868772
1023961846
1024248083
1024434135
1026803263
1027077585
1027297610
1027816353
1028069731
1028418803
1029295539
1030422138
1030500830
1031492317
1031510779
1031665591
1031928857
1032266519
1033401808
1035493756
1036558980
1037527595
1037654268
1038361748
1038685613
1038845740
1042457243
1042484081
1042745687
1042808420
1043237411
1043805678
1044832241
1045292217
1045673609
1046693121
1047492827
1048145724
1049168316
1049257284
1049944998
1050455456
1050654984
1050675205
1051502732
1051582762
1051919573
1054766750
1055268517
1055474590
1055700434
1057094325
1057386297
1057471339
1058619128
1058815991
1059364814
1059594158
1059646667
1060030713
1060159155
1062107685
1062151616
1062430428
1062631718
1063143435
1063507385
1064016313
1064018770
1064909732
1065029954
1065125058
1065170595
1066683578
1067275839
1067850637
1068930274
1069371644
1069617249
1070030610
1070093855
1071554511
1071900746
1071902619
1072518414
1075536157
1077038398
1077842035
1077868023
1078237684
1078931612
1079035082
1080478820
1080548027
1080632778
1082241271
1084763996
1084814653
1086093889
1087930771
1088178367
1088192505
1089314827
1089467659
1089535515
1089913894
1090138262
1090299845
1090981867
1092190467
1093462429
1093482160
1095126721
1096622699
1097146961
1097407266
1097712693
1099770322
1100674316
1101909056
1102379209
1102393062
1102688617
1102953393
1103361569
1104507225
1104990861
1106085088
1107278979
1108872766
1109352681
1111110076
1111885992
1112789954
1113047968
1113919293
1114532890
1115536468
1115719115
1116332022
1116666035
1116883084
1117001989
1117003232
1117254801
1117913307
1119681892
1119796221
1120505446
1121326345
1121911155
1123699700
1124738614
1124812895
1124893341
1125404095
1126249015
1126740413
1128402983
1128845974
1129685013
1129723411
1130256994
1131352418
1132101895
1132240911
1132594892
1132619601
1133311914
1133475510
1134672358
1135619705
1135635862
1136867202
1137282379
1138928361
1140156880
1140455766
1140677160
1142615027
1143061695
1143713978
1144041918
1144336796
1146111645
1147410862
1150114133
1150321475
1151483956
1151976507
1152489991
1155090570
1155924492
1157156612
1157868895
1158700675
1159508399
1160432819
1160806160
1161491181
1161734041
1162668179
1162774864
1163150136
1163291755
1164602969
1165039392
1165389012
1166392714
1168044566
1169211009
1169280677
1169573123
1171257418
1172187865
1172454863
1172994725
1173076582
1173285080
1174046547
1175103090
1176121077
1176331060
1176470204
1178168819
1180333221
1183828761
1184219595
1184249474
1184427206
1184566401
1186148428
1188189489
1188520492
1189600210
1190164017
1190341332
1191957529
1193175011
1193916265
1194123385
1195933228
1196034828
1197569180
1198900060
1202391479
1202825459
1203381424
1203823488
1203863423
1204774479
1204866885
1205054873
1205164521
1205502793
1205534919
1205640942
1205687523
1207863437
1209775756
1210586072
1210717821
1211740230
1212713396
1215352302
1215902050
1216786223
1217134613
1219431101
1219985280
1220087653
1221321863
1222507079
1222520251
1223477793
1223809138
1224006805
1224632326
1224686480
1228348913
1228410018
1228921025
1230196633
1231432198
1235400092
1237260218
1239092061
1239307097
1243320299
1245174193
1247202384
1247598403
1247651557
1247690523
1250286313
1250416216
1251655595
1252834530
1252994735
1253918788
1256352385
1257392891
1259178988
1259515959
1260625873
1261215282
1262119879
1263510323
1264667558
1264867982
1265531518
1266146354
1267180957
1268551711
1269917854
1270581118
1271087563
1272779346
1273090477
1273846788
1274963631
1275304584
1275370819
1275377987
1276259194
1277717435
1277870160
1278379127
1278407852
1279012580
1279219203
1279424268
1279493359
1280214954
1281378480
1281380472
1281718849
1283140183
1283263519
1284788532
1284950031
1286320387
1286348120
1288139564
1290238631
1290528602
1290581301
1291947188
1293352909
1294147474
1295983868
1297021953
1298340327
1298465110
1299772101
1300835690
1301755656
1301801865
1302838650
1304322483
1305641317
1307307616
1308521664
1309364592
1310094442
1312068554
1313212934
1314013191
1314708344
1315679241
1316509141
1316954768
1317874065
1317968536
1319684077
1320340560
1320343052
1321661773
1322356870
1323095286
1323329257
1325854286
1326753620
1327983493
1329961129
1331689629
1335775715
1336234605
1337256165
1337428286
1338185136
1338906256
1341973434
1342334030
1342715426
1343120783
1343327644
1343468555
1345192672
1345842531
1346109848
1347097142
1347288574
1349119814
1349795794
1350645823
1351773868
1354861909
1354932851
1356438561
1357015286
1357210066
1357601599
1359686761
1359917087
1362761577
1365186612
1365701246
1366627921
1370702557
1370755887
1371163244
1371294820
1372281998
1373850749
1375099147
1377146000
1378497206
1378578269
1378746883
1379931399
1380029063
1380377475
1380491403
1381621174
1382267065
1382305181
1383261606
1383897149
1384911777
1385483068
1387612769
1389988168
1391613320
1391678476
1393324430
1393341957
1396576481
1397137056
1397215518
1399429766
1399975845
1400816945
1400839149
1401081390
1401160170
1401405494
1401582235
1401657266
1403183645
1404334919
1404443415
1405317368
1405880568
1406070546
1406566342
1407720020
1408111560
1408784648
1410776056
1413280593
1418260348
1419523337
1419545591
1421305402
1421314592
1421565442
1423892569
1424360433
1427423487
1427584472
1427605687
1427758229
1428663991
1429852798
1431190514
1432070815
1433424445
1433485288
1434072698
1435032489
1435704692
1438523723
1438858465
1439108195
1440064655
1441121922
1442057849
1445059294
1447851617
1450237215
1452626375
1453418760
1453575738
1453619207
1457476348
1459092583
1460781638
1462819221
1463281694
1464104088
1464179504
1464908704
1466682986
1469985448
1471245749
1471559051
1472348014
1472640755
1474112037
1474851599
1476820760
1477840372
1478620420
1479465981
1480097477
1480162712
1480373189
1480838418
1481491612
1481514917
1481912740
1485014143
1485729406
1488131038
1488232952
1489225418
1489774119
1491542156
1493560205
1493625101
1496372933
1496728781
1499168853
1499424985
1499630499
1499970397
1503478309
1504738492
1506735792
1508551080
1510085317
1510951910
1512174302
1512256355
1512383184
1512589866
1512914485
1514516742
1516844775
1518463444
1519488530
1521129781
1521172096
1521288516
1521565792
1522902946
1523064780
1523895570
1524794901
1527726048
1529532888
1531197873
1531753579
1534019790
1536616740
1537094705
1537298222
1539478126
1540138909
1541929373
1542334472
1546479248
1546929908
1547246488
1550778832
1552411781
1553162288
1553230148
1553754451
1555060307
1557654897
1557862050
1558421997
1558457783
1559610027
1559896759
1559910832
1563035153
1563131146
1563154614
1563514123
1564144483
1565543540
1565900643
1566344622
1566427074
1568846362
1569374119
1572473043
1574489499
1574672009
1579968044
1580309063
1581416337
1581528792
1582840207
1584463824
1585036759
1585910453
1585942126
1586238300
1587059468
1589292067
1591182704
1592215885
1599470571
1599796543
1599819946
1600406595
1600419422
1601664987
1603109786
1603544289
1604581638
1607331427
1609663479
1609820310
1610053643
1610089687
1610771002
1612041630
1612491575
1612835337
1613925200
1613981891
1616563711
1616913991
1618562023
1623494700
1624837139
1624979897
1625858706
1626607934
1627078339
1630155909
1630487893
1630975917
1631211511
1631866925
1632010663
1635113224
1637666039
1641679628
1644252682
1650179080
1650444325
1652473875
1655781823
1659036937
1661293599
1663156583
1663284837
1666741839
1669491677
1670489269
1670659798
1670824177
1671320005
1671582955
1675334947
1676068612
1677796110
1678149283
1678929607
1679111182
1679466264
1680599967
1680922258
1681693759
1683676573
1683817757
1685632126
1686126478
1687860339
1688044914
1688160949
1690064312
1690666094
1691617377
1694213371
1694623801
1695111321
1696392238
1698797055
1700483174
1700972072
1701607207
1702828006
1706903288
1708072092
1708268858
1709640627
1714149991
1714701404
1715520044
1717080628
1717411668
1718630412
1720788403
1722749428
1723368411
1724612087
1724908476
1725523127
1725551488
1726954903
1730089742
1730357915
1731351719
1732538687
1733127474
1734288181
1735052610
1740114341
1746104994
1746626381
1747608444
1749307906
1750608426
1750668318
1750704777
1751207963
1751816901
1752535009
1753479389
1755401431
1762722569
1762758609
1763192349
1763824184
1764246685
1765413917
1765779277
1768341512
1770107900
1770875623
1773251440
1781094898
1781675691
1783959374
1785724100
1786781678
1787507885
1792510781
1793075823
1793820890
1797501275
1798863383
1799813377
1799939060
1810224846
1810387705
1811450754
1815072840
1815736314
1816156896
1817013563
1819444411
1820098273
1820860637
1822096907
1823900154
1824997529
1825011787
1825258725
1827188427
1828153519
1829845231
1830588724
1831209705
1832928631
1836259846
1840772030
1841155144
1843217641
1844815745
1845048821
1846403321
1849084093
1850027882
1850117844
1852508906
1852810674
1854284402
1854391862
1861971771
1862198669
1865320267
1869080592
1870753903
1880556047
1881982279
1882430852
1885638194
1885909884
1886224681
1887523160
1888476434
1892435718
1893508216
1895217423
1902492821
1905795101
1909047614
1911438970
1914049715
1914928936
1915976614
1918026074
1919873432
1921799591
1922034311
1922360390
1922625759
1924233331
1925334307
1925894545
1926161172
1927239190
1930666860
1931931077
1932232314
1934341886
1934689929
1940861118
1943936716
1944951504
1946758907
1946970256
1947974811
1948024855
1949251211
1951082079
1954926496
1955898740
1956028408
1958291243
1958766027
1958939342
1963797152
1964624585
1966082628
1966196197
1967944447
1969931052
1973654028
1974907985
1975698173
1981375761
1982981363
1984430618
1986200080
1986539214
1989190892
1992367757
1992742101
1993481912
1994406240
1995025377
1995302511
1996407050
1998300831
2002900959
2005893626
2006004691
2006562477
2009054203
2011059102
2013553452
2013912028
2014810623
2014833916
2014859874
2015454271
2016168125
2020076606
2029357435
2029681764
2031720923
2032088276
2034584779
2036909974
2037721256
2037919042
2039117284
2039343595
2041815763
2046800981
2047495999
2048389774
2048750970
2051342475
2052331577
2053324272
2053394332
2054642736
2055180308
2055454385
2059858139
2061689874
2066295679
2067400614
2067909386
2069521251
2069674718
2071470121
2073910320
2076839822
2080860791
2083915293
2086477838
2086723748
2092716304
2093937973
2094737692
2098972190
2104461461
2104825498
2104984114
2106137337
2107358871
2112390692
2114732623
2115944935
2118205775
2119725272
2120623004
2121604311
2125137248
2131403411
2132338281
2132403229
2132734174
2132982965
2133791047
2141674770
2144686922
2145227051
2148589494
2158570354
2158751947
2163790717
2163954992
2168796040
2169978733
2171357409
2172765999
2175078474
2176337911
2178265223
2178837453
2179684986
2182765249
2183357284
2188337380
2190697855
2195583565
2200946272
2202046898
2207051457
2208911109
2215586518
2217355373
2217399088
2221553874
2221653675
2222088098
2226090247
2227482405
2228873640
2229753847
2230671274
2232339189
2236621609
2237964456
2238968281
2240097197
2242471586
2244753581
2253067641
2254976808
2262811710
2263685084
2264081197
2264318105
2267934962
2269533691
2274041255
2276040925
2282012307
2292248290
2295126594
2295213132
2298937307
2302703956
2307139562
2307214669
2307412996
2307765207
2312551033
2314075809
2314263971
2317738822
2322268578
2323560607
2324751194
2329877016
2332686915
2333121265
2337084709
2342214766
2343865557
2344823734
2345914484
2350752829
2350761456
2353443707
2353539628
2354426269
2358359806
2363423181
2366833323
2368260650
2373192442
2384021721
2385031779
2385146624
2388753473
2390102292
2390243927
2390667679
2394095551
2395367054
2397491801
2399219040
2409566749
2411120337
2411985194
2412176201
2415564722
2419408117
2429423360
2431565854
2434626275
2438329787
2441171322
2441615198
2443404398
2443420411
2447939847
2448178454
2454121643
2456932402
2462320812
2464173837
2467341480
2467676956
2469855346
2476142679
2477487579
2477693427
2479056805
2479082451
2496640827
2496827908
2499602989
2500220321
2502699320
2503647286
2504159784
2510522144
2512108516
2514281624
2515441651
2515993003
2519145559
2522457197
2526140590
2527921065
2531686376
2540752978
2543091672
2546119176
2548569485
2552147707
2552875789
2557843406
2558636872
2559724749
2563408866
2563596439
2567324609
2567715368
2569645414
2574136586
2581640963
2588766717
2596469956
2596663084
2599272683
2600688154
2602243542
2605611282
2606141374
2606457008
2615151297
2618567149
2618997039
2619766065
2621189604
2621765575
2624739711
2626404729
2627989503
2630863751
2631552472
2632074795
2633095108
2633121013
2633634772
2639636775
2640421879
2643282331
2646132392
2654007238
2659007711
2661610849
2666718629
2667826275
2670714255
2672960865
2673672905
2678823179
2680731484
2681399128
2685114532
2691536947
2692815816
2695123732
2696712490
2702671068
2704853467
2705248455
2706338503
2718134528
2718420641
2719887585
2722183960
2722490950
2731884647
2735583252
2737209482
2737744808
2742521771
2744666073
2747444876
2750245346
2750750583
2753337938
2757003304
2766506508
2770346315
2771582676
2772861481
2775270318
2776314708
2776982395
2780823763
2781567559
2781642581
2782792003
2782906829
2786792178
2788216075
2794902566
2798728060
2799793834
2802464294
2806992521
2807045675
2812043775
2813357422
2815560394
2816254330
2819136180
2819270085
2829822063
2831025875
2833658402
2839599295
2839658782
2840414365
2852360367
2853585002
2854156073
2855928245
2857712008
2861487495
2868344551
2874164119
2880284864
2884770060
2894371275
2895083701
2897370199
2900133999
2912259892
2921905224
2922441859
2934885743
2937535169
2938158998
2940191848
2940993637
2941727644
2942144637
2943657597
2944628303
2947732841
2956318119
2963704617
2971275340
2973921699
2982488877
2988799834
2990417801
2992989247
2995520651
2996941188
3005932060
3007279537
3010680981
3014788231
3022114755
3025573946
3026725786
3037568936
3038737358
3044672586
3045482020
3050194755
3056216727
3058073376
3065026208
3066595078
3076203892
3086615097
3105893188
3106375689
3114401627
3116193056
3119927751
3134624385
3142455275
3142626539
3151853623
3159828270
3160909655
3167581671
3168924608
3173106218
3174261744
3179128641
3179909194
3180731367
3181730171
3191528502
3209553076
3215575708
3220483379
3221425572
3224875756
3226701886
3231276040
3232079015
3232100206
3241858067
3254920250
3255036360
3257754597
3261725663
3261899453
3263450442
3265958888
3268913973
3284294566
3287631057
3299272934
3310255531
3310710928
3312297316
3313930857
3315867446
3320153371
3325648999
3326397230
3338887096
3339569138
3341978403
3342073961
3349847918
3379871835
3389312263
3396894404
3400382489
3404582414
3409342196
3418027762
3423199036
3424064360
3429383022
3440077692
3453592259
3457554057
3460258414
3465909640
3472595488
3475153025
3476845745
3493362965
3501228812
3503328685
3516947923
3519744161
3526480692
3536930794
3539957904
3541573595
3546574209
3556533844
3562666496
3566336532
3572751918
3575143776
3576147585
3578186846
3581445015
3581473995
3590090352
3607859763
3618614398
3629824193
3649097035
3656246163
3676918259
3678498376
3680484998
3689034258
3706401223
3706944850
3712210948
3714140441
3720985330
3723051226
3738246512
3738439063
3758067463
3761019841
3766383015
3778453287
3778458275
3787310071
3787607495
3787745885
3797417750
3797445432
3798527706
3809078868
3827666228
3829659192
3843364417
3857490517
3864496882
3871814304
3877933288
3879272686
3879630664
3905241110
3911983390
3925697140
3936834627
3941908240
3962279572
3963253681
3967029537
3973046555
3973093571
3979387638
3995363347
3998785306
3998922171
4033087018
4037597659
4038966745
4046977239
4060201498
4061541473
4061643113
4105047515
4130717939
4147845841
4148356702
4154200320
4177883736
4179428980
4190834265
4191023519
4200651756
4212939370
4218835797
4235550202
4235738883
4236428582
4240476800
4242047993
4249965422
4261324505
4267703887
4269850430
4270173762
4276256538
4282390282
4282760811
4295962625
4302145868
4307240190
4333903158
4359069182
4361701473
4367883461
4371385710
4385986025
4390733904
4405842149
4422310720
4457439931
4475051110
4482959051
4488209290
4512543280
4516800631
4519019228
4530567859
4530711812
4532393748
4533599474
4542586869
4564939781
4570349175
4577900924
4582111701
4589124228
4597697867
4606873114
4623152373
4635064984
4649860710
4655361384
4659689897
4670206655
4675009364
4676256508
4687576645
4694902097
4695968321
4698944899
4733037290
4801118545
4801357509
4813360474
4833673780
4884788914
4901601507
4908981273
4919715272
4922594230
4961202900
5058167419
5058556677
5071328958
5074169602
5115960867
5117580825
5134165835
5182105347
5190361081
5215553247
5224652326
5232113517
5245953424
5276312977
5282226914
5302698936
5304891786
5317934652
5318487125
5327185667
5366092786
5385384277
5422496276
5431453913
5437817215
5449965620
5481644033
5533618920
5562436950
5573199570
5588700718
5598909118
5600513538
5645491684
5652210761
5656037332
5658008003
5678094023
5683128443
5685392393
5688691036
5703748448
5720719975
5725894143
5748290691
5808004851
5860051938
5894181115
5903383919
5908195904
5922042933
5925998303
5936770412
5951948619
5971802639
5987413816
5993297826
6021715914
6022040730
6031560386
6075214076
6106685971
6128049232
6149874031
6181473674
6213996100
6222833161
6235233903
6245047897
6268145211
6286717839
6295934667
6317369335
6334582095
6338747021
6343636849
6419435198
6518648155
6526751790
6540674793
6550258041
6557486587
6576622113
6668075037
6727576995
6730142149
6751431491
6761710093
6764100340
6800208430
6918096703
6933996527
7025188567
7038989463
7051933211
7065292675
7098701524
7148301131
7150272409
7162625537
7305786326
7322865045
7333994530
7344592808
7413413172
7520758940
7524904759
7558469638
7632767537
7649527232
7720171927
7882535633
7898647675
7948812924
8132653396
8158315598
8167406926
8168134390
8276112197
8280966979
8396745181
8487319836
8556716917
8567589470
8629190032
8672048158
8723367363
8743463537
8846427447
8958576949
9099419396
9290793162
9298558648
9301263057
9590967738
9609161797
9644749377
9675656724
9689453763
9812860325
9850794656
9878827229
9962583155
9997906768
10064747221
10159955749
10239149693
10245500229
10260775375
10489291468
10563040173
10607376084
10613891901
10631250750
10644361464
10671632585
10700116106
10744662167
10758795856
10844904920
10859869621
11024748742
11029828884
11179888485
11225889904
11294043478
11415364665
11793529162
11910811542
11998398385
12036373200
12152534038
12176269246
12539192700
12540904598
13171369629
13228004156
13256711935
13395843303
13611092990
14062175390
14167577637
14280987976
14509933897
14583809458
14616838648
14745401853
14844998108
15477416248
15915229144
16155487859
16522684534
16663429006
16884220321
16944693521
18085759686
18370506770
18371264311
18661066714
18705546423
19254069955
20314657781
20427328723
21136906247
22856765488
27191261201
27233093108
28501616728
29846538359
60908834010