0.1 5.7315
0.11837 7.1677
0.13673 0.49715
0.1551 3.8785
0.17347 2.0572
0.19184 1.3931
0.2102 3.9643
0.22857 3.0266
0.24694 4.2975
0.26531 5.97
0.28367 2.8131
0.30204 4.644
0.32041 1.8291
0.33878 4.7595
0.35714 7.8168
0.37551 2.6785
0.39388 7.3011
0.41224 4.1847
0.43061 7.7169
0.44898 6.7907
0.46735 7.5699
0.48571 5.3796
0.50408 7.2517
0.52245 9.2018
0.54082 10.274
0.55918 10.322
0.57755 10.029
0.59592 14.609
0.61429 12.24
0.63265 11.793
0.65102 12.583
0.66939 14.748
0.68776 17.601
0.70612 15.786
0.72449 19.321
0.74286 19.026
0.76122 18.499
0.77959 19.103
0.79796 22.266
0.81633 22.946
0.83469 22.655
0.85306 24.262
0.87143 28.393
0.8898 29.906
0.90816 29.874
0.92653 33.877
0.9449 33.35
0.96327 35.748
0.98163 40.487
1 39.091
