   5.3100000e+01
   6.5400000e+01
   4.0800000e+01
   8.2000000e+01
   7.1800000e+01
   9.6900000e+01
   5.3100000e+01
   3.2500000e+01
   1.0600000e+01
   6.1100000e+01
   7.7900000e+01
   4.2300000e+01
   9.1000000e+00
   2.6600000e+01
   1.5400000e+01
   2.8100000e+01
   4.4000000e+01
   5.2700000e+01
   4.5700000e+01
   8.7500000e+01
   5.1800000e+01
   9.4400000e+01
   6.3800000e+01
   9.5800000e+01
   2.4100000e+01
   6.7600000e+01
   2.8900000e+01
   6.7200000e+01
   6.9500000e+01
   6.8000000e+00
   2.5500000e+01
   2.2400000e+01
   6.6800000e+01
   8.4400000e+01
   3.4400000e+01
   7.8100000e+01
   6.7500000e+01
   7.0000000e-01
   6.0200000e+01
   3.8700000e+01
   9.1600000e+01
   1.0000000e-01
   4.6200000e+01
   4.2400000e+01
   4.6100000e+01
   7.7000000e+01
   3.2200000e+01
   7.8500000e+01
   4.7100000e+01
   3.6000000e+00
   1.7600000e+01
   7.2200000e+01
   4.7300000e+01
   1.5300000e+01
   3.4100000e+01
   6.0700000e+01
   1.9200000e+01
   7.3800000e+01
   2.4300000e+01
   9.1700000e+01
   2.6900000e+01
   7.6600000e+01
   1.8900000e+01
   2.8700000e+01
   9.1000000e+00
   5.7600000e+01
   6.8300000e+01
   5.4700000e+01
   4.2600000e+01
   6.4400000e+01
   6.4800000e+01
   6.7900000e+01
   6.3600000e+01
   9.4500000e+01
   2.0900000e+01
   7.0900000e+01
   2.3600000e+01
   1.1900000e+01
   6.0700000e+01
   4.5000000e+01
   4.5900000e+01
   6.6200000e+01
   7.7000000e+01
   3.5000000e+01
   6.6200000e+01
   4.1600000e+01
   8.4200000e+01
   8.3300000e+01
   2.5600000e+01
   6.1300000e+01
   5.8200000e+01
   5.4100000e+01
   8.7000000e+01
   2.6500000e+01
   3.1800000e+01
   1.1900000e+01
   9.4000000e+01
   6.4600000e+01
   4.7900000e+01
   6.3900000e+01